# version 26
{"layers":[[["empty_rock",32400]]
,[["open_air",32400]]
,[["open_air",32400]]
,[["open_air",32400]]
,[["open_air",32400]]
,[["open_air",32400]]
,[["open_air",32400]]
,[["open_air",32400]]
,[["open_air",32400]]
,[["open_air",32400]]
,[["open_air",15930],["skyisland",3],["open_air",177],["skyisland",1],["skyislandx",1],["skyisland",1],["open_air",177],["skyisland",3],["open_air",16107]]
,[["open_air",32400]]
,[["open_air",32400]]
,[["open_air",32400]]
,[["open_air",32400]]
,[["open_air",32400]]
,[["open_air",32400]]
,[["open_air",32400]]
,[["open_air",32400]]
,[["open_air",32400]]
,[["open_air",32400]]
],"region_id":"default"
,"monster_groups":[[{"type":"GROUP_WORM"},[[189,351,0],[195,358,0],[196,350,0],[201,345,0],[208,357,0],[209,358,0],[210,346,0],[211,356,0],[213,344,0],[216,352,0],[217,359,0],[224,359,0]]],[{"type":"GROUP_SEWER"},[[0,297,-5],[0,297,-1],[0,298,-2],[0,303,-5],[1,300,-5],[1,302,-1],[195,358,-6],[195,359,-8],[206,356,-3],[207,357,-10],[211,355,-3],[212,357,-6],[215,357,-4],[225,358,-8],[226,357,-3],[226,359,-9],[230,357,-4]]],[{"type":"GROUP_FUNGI"},[[0,248,0],[0,258,0],[0,262,0],[0,265,0],[0,272,0],[0,276,0],[1,242,0],[1,244,0],[1,251,0],[1,253,0],[1,255,0],[1,262,0],[1,269,0],[2,250,0],[2,251,0],[2,257,0],[2,275,0],[3,232,0],[3,241,0],[3,247,0],[3,250,0],[3,254,0],[3,277,0],[3,282,0],[4,242,0],[4,246,0],[4,252,0],[4,262,0],[4,284,0],[5,232,0],[5,237,0],[5,241,0],[5,253,0],[5,265,0],[6,245,0],[6,254,0],[6,274,0],[7,243,0],[7,274,0],[8,255,0],[8,256,0],[8,279,0],[9,255,0],[9,263,0],[9,265,0],[9,283,0],[10,239,0],[10,248,0],[10,253,0],[10,261,0],[10,267,0],[10,269,0],[10,288,0],[11,247,0],[11,249,0],[11,251,0],[11,252,0],[11,273,0],[11,275,0],[12,245,0],[12,249,0],[12,262,0],[12,265,0],[13,245,0],[13,266,0],[13,285,0],[13,286,0],[14,243,0],[14,250,0],[14,265,0],[14,272,0],[14,278,0],[15,250,0],[15,260,0],[15,268,0],[16,255,0],[16,260,0],[16,276,0],[16,277,0],[18,243,0],[18,255,0],[18,261,0],[19,256,0],[19,277,0],[20,249,0],[20,271,0],[22,279,0],[24,255,0],[24,260,0],[25,260,0],[335,310,0],[339,310,0],[341,301,0],[341,309,0],[341,311,0],[342,294,0],[344,298,0],[344,313,0],[344,316,0],[345,300,0],[346,288,0],[347,277,0],[348,304,0],[348,320,0],[350,292,0],[350,295,0],[350,303,0],[351,279,0],[351,282,0],[351,298,0],[352,290,0],[352,306,0],[352,309,0],[353,318,0],[353,319,0],[353,327,0],[354,313,0],[354,326,0],[355,292,0],[355,293,0],[355,299,0],[355,303,0],[355,325,0],[356,286,0],[356,318,0],[357,285,0],[357,288,0],[357,297,0],[358,273,0],[358,275,0],[358,280,0],[358,288,0],[358,295,0],[359,278,0],[359,287,0],[359,294,0],[359,298,0],[359,301,0],[359,317,0],[359,339,0]]],[{"type":"GROUP_ANT","population":2},[[0,169,-1],[0,170,-1],[0,171,-1],[0,174,-1],[0,176,-1],[0,177,-1],[0,178,-1],[0,179,-1],[0,180,-1],[0,181,-1],[0,182,-1],[0,183,-1],[0,184,-1],[0,185,-1],[0,186,-1],[0,187,-1],[0,189,-1],[0,190,-1],[0,191,-1],[0,192,-1],[0,199,-1],[1,166,-1],[1,168,-1],[1,173,-1],[1,174,-1],[1,175,-1],[1,176,-1],[1,177,-1],[1,178,-1],[1,179,-1],[1,180,-1],[1,181,-1],[1,182,-1],[1,183,-1],[1,184,-1],[1,185,-1],[1,187,-1],[1,188,-1],[1,189,-1],[1,191,-1],[1,193,-1],[1,195,-1],[2,169,-1],[2,170,-1],[2,173,-1],[2,174,-1],[2,175,-1],[2,176,-1],[2,177,-1],[2,178,-1],[2,180,-1],[2,183,-1],[2,184,-1],[2,186,-1],[2,188,-1],[2,190,-1],[2,191,-1],[2,194,-1],[3,172,-1],[3,176,-1],[3,178,-1],[3,179,-1],[3,180,-1],[3,182,-1],[3,183,-1],[3,185,-1],[3,186,-1],[3,187,-1],[3,188,-1],[3,190,-1],[3,191,-1],[3,192,-1],[3,196,-1],[3,197,-1],[4,173,-1],[4,175,-1],[4,177,-1],[4,178,-1],[4,182,-1],[4,183,-1],[4,184,-1],[4,185,-1],[4,186,-1],[4,187,-1],[4,188,-1],[4,191,-1],[5,181,-1],[5,182,-1],[5,184,-1],[5,186,-1],[5,188,-1],[5,192,-1],[5,195,-1],[6,174,-1],[6,175,-1],[6,178,-1],[6,180,-1],[6,182,-1],[6,185,-1],[6,186,-1],[6,187,-1],[6,193,-1],[6,194,-1],[7,174,-1],[7,175,-1],[7,177,-1],[7,179,-1],[7,181,-1],[7,185,-1],[7,189,-1],[8,177,-1],[8,178,-1],[8,179,-1],[8,180,-1],[8,181,-1],[8,185,-1],[8,186,-1],[8,188,-1],[9,179,-1],[9,185,-1],[9,187,-1],[10,177,-1],[10,179,-1],[10,185,-1],[10,186,-1]]],[{"type":"GROUP_ANT"},[[0,154,-1],[0,158,-1],[0,159,-1],[0,162,-1],[0,163,-1],[0,164,-1],[0,165,-1],[0,166,-1],[0,167,-1],[0,168,-1],[0,172,-1],[0,173,-1],[0,175,-1],[0,181,0],[0,183,0],[0,184,0],[0,185,0],[0,186,0],[0,187,0],[0,188,-1],[0,188,0],[0,189,0],[0,191,0],[0,192,0],[0,193,-1],[0,194,-1],[0,194,0],[0,195,-1],[0,196,-1],[0,197,-1],[0,198,-1],[0,200,-1],[0,201,-1],[0,202,-1],[0,203,-1],[0,206,-1],[0,207,-1],[0,208,-1],[1,161,-1],[1,162,-1],[1,163,-1],[1,164,-1],[1,165,-1],[1,167,-1],[1,169,-1],[1,170,-1],[1,171,-1],[1,172,-1],[1,181,0],[1,182,0],[1,185,0],[1,186,-1],[1,187,0],[1,189,0],[1,190,-1],[1,190,0],[1,191,0],[1,192,-1],[1,194,-1],[1,194,0],[1,196,-1],[1,197,-1],[1,198,-1],[1,199,-1],[1,200,-1],[1,201,-1],[1,203,-1],[1,206,-1],[1,208,-1],[1,209,-1],[2,156,-1],[2,158,-1],[2,160,-1],[2,161,-1],[2,162,-1],[2,163,-1],[2,164,-1],[2,165,-1],[2,166,-1],[2,167,-1],[2,168,-1],[2,171,-1],[2,172,-1],[2,179,-1],[2,181,-1],[2,182,-1],[2,185,-1],[2,187,-1],[2,187,0],[2,189,-1],[2,189,0],[2,190,0],[2,192,-1],[2,193,-1],[2,195,-1],[2,196,-1],[2,197,-1],[2,198,-1],[2,199,-1],[2,200,-1],[2,201,-1],[2,202,-1],[2,204,-1],[2,205,-1],[3,160,-1],[3,161,-1],[3,162,-1],[3,164,-1],[3,165,-1],[3,166,-1],[3,167,-1],[3,168,-1],[3,169,-1],[3,170,-1],[3,171,-1],[3,173,-1],[3,174,-1],[3,175,-1],[3,177,-1],[3,181,-1],[3,184,-1],[3,186,0],[3,189,-1],[3,190,0],[3,191,0],[3,192,0],[3,193,-1],[3,194,-1],[3,195,-1],[3,198,-1],[3,199,-1],[3,200,-1],[3,201,-1],[3,202,-1],[3,203,-1],[3,206,-1],[3,207,-1],[3,208,-1],[4,157,-1],[4,161,-1],[4,162,-1],[4,163,-1],[4,164,-1],[4,165,-1],[4,166,-1],[4,167,-1],[4,168,-1],[4,169,-1],[4,170,-1],[4,171,-1],[4,172,-1],[4,174,-1],[4,176,-1],[4,179,-1],[4,180,-1],[4,181,-1],[4,189,-1],[4,190,-1],[4,192,-1],[4,193,-1],[4,194,-1],[4,195,-1],[4,196,-1],[4,197,-1],[4,198,-1],[4,199,-1],[4,201,-1],[4,202,-1],[4,204,-1],[4,205,-1],[4,206,-1],[4,207,-1],[5,160,-1],[5,163,-1],[5,164,-1],[5,165,-1],[5,166,-1],[5,167,-1],[5,168,-1],[5,169,-1],[5,170,-1],[5,171,-1],[5,172,-1],[5,173,-1],[5,174,-1],[5,175,-1],[5,176,-1],[5,177,-1],[5,178,-1],[5,179,-1],[5,180,-1],[5,183,-1],[5,185,-1],[5,187,-1],[5,189,-1],[5,190,-1],[5,191,-1],[5,193,-1],[5,194,-1],[5,196,-1],[5,197,-1],[5,198,-1],[5,199,-1],[5,200,-1],[5,201,-1],[5,202,-1],[5,203,-1],[5,204,-1],[5,206,-1],[6,159,-1],[6,162,-1],[6,163,-1],[6,164,-1],[6,167,-1],[6,168,-1],[6,169,-1],[6,170,-1],[6,171,-1],[6,172,-1],[6,173,-1],[6,176,-1],[6,177,-1],[6,179,-1],[6,181,-1],[6,183,-1],[6,184,-1],[6,188,-1],[6,189,-1],[6,190,-1],[6,191,-1],[6,192,-1],[6,195,-1],[6,196,-1],[6,197,-1],[6,198,-1],[6,199,-1],[6,200,-1],[6,201,-1],[6,207,-1],[7,157,-1],[7,160,-1],[7,162,-1],[7,163,-1],[7,164,-1],[7,165,-1],[7,166,-1],[7,167,-1],[7,168,-1],[7,169,-1],[7,170,-1],[7,171,-1],[7,172,-1],[7,173,-1],[7,176,-1],[7,178,-1],[7,180,-1],[7,182,-1],[7,183,-1],[7,184,-1],[7,186,-1],[7,187,-1],[7,188,-1],[7,190,-1],[7,191,-1],[7,192,-1],[7,193,-1],[7,194,-1],[7,195,-1],[7,196,-1],[7,197,-1],[7,198,-1],[7,199,-1],[7,203,-1],[8,161,-1],[8,162,-1],[8,163,-1],[8,164,-1],[8,165,-1],[8,166,-1],[8,167,-1],[8,168,-1],[8,169,-1],[8,170,-1],[8,171,-1],[8,172,-1],[8,173,-1],[8,174,-1],[8,175,-1],[8,176,-1],[8,182,-1],[8,183,-1],[8,184,-1],[8,187,-1],[8,189,-1],[8,190,-1],[8,191,-1],[8,192,-1],[8,193,-1],[8,194,-1],[8,195,-1],[8,196,-1],[8,198,-1],[8,204,-1],[9,159,-1],[9,163,-1],[9,164,-1],[9,165,-1],[9,166,-1],[9,169,-1],[9,170,-1],[9,171,-1],[9,172,-1],[9,173,-1],[9,174,-1],[9,175,-1],[9,176,-1],[9,177,-1],[9,178,-1],[9,180,-1],[9,181,-1],[9,182,-1],[9,183,-1],[9,184,-1],[9,186,-1],[9,188,-1],[9,189,-1],[9,190,-1],[9,191,-1],[9,192,-1],[9,193,-1],[9,194,-1],[9,195,-1],[9,196,-1],[9,197,-1],[9,198,-1],[9,200,-1],[9,201,-1],[9,202,-1],[10,163,-1],[10,165,-1],[10,166,-1],[10,167,-1],[10,168,-1],[10,169,-1],[10,170,-1],[10,171,-1],[10,172,-1],[10,173,-1],[10,174,-1],[10,175,-1],[10,176,-1],[10,178,-1],[10,180,-1],[10,181,-1],[10,182,-1],[10,183,-1],[10,184,-1],[10,187,-1],[10,188,-1],[10,189,-1],[10,190,-1],[10,191,-1],[10,192,-1],[10,193,-1],[10,194,-1],[10,195,-1],[10,196,-1],[10,197,-1],[10,200,-1],[10,202,-1],[11,160,-1],[11,164,-1],[11,166,-1],[11,167,-1],[11,168,-1],[11,169,-1],[11,170,-1],[11,171,-1],[11,172,-1],[11,173,-1],[11,174,-1],[11,175,-1],[11,176,-1],[11,177,-1],[11,178,-1],[11,179,-1],[11,180,-1],[11,181,-1],[11,182,-1],[11,183,-1],[11,184,-1],[11,185,-1],[11,186,-1],[11,187,-1],[11,188,-1],[11,189,-1],[11,190,-1],[11,191,-1],[11,192,-1],[11,193,-1],[11,194,-1],[11,195,-1],[11,198,-1],[11,199,-1],[11,200,-1],[12,161,-1],[12,162,-1],[12,163,-1],[12,166,-1],[12,167,-1],[12,168,-1],[12,169,-1],[12,170,-1],[12,171,-1],[12,172,-1],[12,173,-1],[12,176,-1],[12,177,-1],[12,178,-1],[12,179,-1],[12,180,-1],[12,181,-1],[12,182,-1],[12,183,-1],[12,184,-1],[12,185,-1],[12,186,-1],[12,187,-1],[12,188,-1],[12,189,-1],[12,190,-1],[12,191,-1],[12,192,-1],[12,194,-1],[12,195,-1],[12,196,-1],[12,197,-1],[12,200,-1],[12,201,-1],[12,203,-1],[12,205,-1],[13,163,-1],[13,164,-1],[13,165,-1],[13,168,-1],[13,169,-1],[13,170,-1],[13,171,-1],[13,172,-1],[13,173,-1],[13,174,-1],[13,176,-1],[13,178,-1],[13,179,-1],[13,180,-1],[13,181,-1],[13,182,-1],[13,183,-1],[13,184,-1],[13,185,-1],[13,187,-1],[13,188,-1],[13,189,-1],[13,190,-1],[13,191,-1],[13,192,-1],[13,193,-1],[13,194,-1],[13,198,-1],[13,199,-1],[14,165,-1],[14,170,-1],[14,173,-1],[14,174,-1],[14,175,-1],[14,177,-1],[14,178,-1],[14,179,-1],[14,180,-1],[14,182,-1],[14,183,-1],[14,185,-1],[14,186,-1],[14,187,-1],[14,188,-1],[14,189,-1],[14,190,-1],[14,191,-1],[14,192,-1],[14,193,-1],[14,194,-1],[14,196,-1],[14,198,-1],[14,199,-1],[14,200,-1],[14,202,-1],[15,166,-1],[15,167,-1],[15,169,-1],[15,170,-1],[15,172,-1],[15,173,-1],[15,174,-1],[15,175,-1],[15,176,-1],[15,177,-1],[15,178,-1],[15,179,-1],[15,182,-1],[15,183,-1],[15,184,-1],[15,185,-1],[15,186,-1],[15,187,-1],[15,188,-1],[15,189,-1],[15,190,-1],[15,191,-1],[15,192,-1],[15,194,-1],[15,196,-1],[15,197,-1],[15,198,-1],[16,164,-1],[16,166,-1],[16,171,-1],[16,174,-1],[16,177,-1],[16,178,-1],[16,179,-1],[16,180,-1],[16,181,-1],[16,182,-1],[16,183,-1],[16,188,-1],[16,189,-1],[16,190,-1],[16,191,-1],[16,192,-1],[16,193,-1],[16,195,-1],[16,196,-1],[16,198,-1],[17,167,-1],[17,168,-1],[17,172,-1],[17,175,-1],[17,176,-1],[17,177,-1],[17,179,-1],[17,180,-1],[17,181,-1],[17,183,-1],[17,184,-1],[17,185,-1],[17,186,-1],[17,187,-1],[17,189,-1],[17,190,-1],[17,191,-1],[17,193,-1],[17,194,-1],[17,197,-1],[17,198,-1],[18,169,-1],[18,176,-1],[18,178,-1],[18,181,-1],[18,183,-1],[18,184,-1],[18,187,-1],[18,188,-1],[18,192,-1],[18,193,-1],[18,196,-1],[19,175,-1],[19,176,-1],[19,178,-1],[19,179,-1],[19,180,-1],[19,183,-1],[19,184,-1],[19,185,-1],[19,193,-1],[20,173,-1],[20,174,-1],[20,181,-1],[20,185,-1],[20,189,-1],[21,177,-1],[21,183,-1],[21,188,-1],[21,193,-1],[22,177,-1],[22,184,-1],[23,182,-1],[23,184,-1]]],[{"type":"GROUP_TRIFFID"},[[0,9,0],[0,11,0]]]]
,"cities":[]
,"roads_out":[{"x":147,"y":179},{"x":179,"y":166}]
,"radios":[]
,"monster_map":[]
,"tracked_vehicles":[]
,"scent_traces":[{"pos":[90,89,0],"time":27876,"strength":500},{"pos":[91,88,0],"time":98552,"strength":500},{"pos":[91,89,0],"time":108630,"strength":500}]
,"npcs":[{"moves":0,"pain":0,"effects":{},"values":{},"blocks_left":1,"dodges_left":1,"num_blocks_bonus":0,"num_dodges_bonus":0,"armor_bash_bonus":0,"armor_cut_bonus":0,"speed":100,"speed_bonus":0,"dodge_bonus":-2.500000,"block_bonus":0,"hit_bonus":1.000000,"bash_bonus":0,"cut_bonus":0,"bash_mult":1.000000,"cut_mult":1.000000,"melee_quiet":false,"grab_resist":0,"throw_resist":0,"str_cur":6,"str_max":6,"dex_cur":7,"dex_max":7,"int_cur":10,"int_max":10,"per_cur":9,"per_max":9,"str_bonus":0,"dex_bonus":0,"per_bonus":0,"int_bonus":0,"healthy":0,"healthy_mod":0,"thirst":0,"hunger":0,"starvation":0,"fatigue":5,"sleep_deprivation":0,"stomach_food":0,"stomach_water":0,"underwater":false,"traits":[],"mutations":{},"my_bionics":[],"skills":{"archery":{"level":0,"exercise":0,"istraining":true,"lastpracticed":0,"highestlevel":0},"barter":{"level":2,"exercise":0,"istraining":true,"lastpracticed":0,"highestlevel":2},"bashing":{"level":0,"exercise":0,"istraining":true,"lastpracticed":0,"highestlevel":0},"computer":{"level":0,"exercise":0,"istraining":true,"lastpracticed":0,"highestlevel":0},"cooking":{"level":0,"exercise":0,"istraining":true,"lastpracticed":0,"highestlevel":0},"cutting":{"level":0,"exercise":0,"istraining":true,"lastpracticed":0,"highestlevel":0},"dodge":{"level":0,"exercise":0,"istraining":true,"lastpracticed":0,"highestlevel":0},"driving":{"level":0,"exercise":0,"istraining":true,"lastpracticed":0,"highestlevel":0},"electronics":{"level":0,"exercise":0,"istraining":true,"lastpracticed":0,"highestlevel":0},"fabrication":{"level":0,"exercise":0,"istraining":true,"lastpracticed":0,"highestlevel":0},"firstaid":{"level":0,"exercise":0,"istraining":true,"lastpracticed":0,"highestlevel":0},"gun":{"level":0,"exercise":0,"istraining":true,"lastpracticed":0,"highestlevel":0},"launcher":{"level":0,"exercise":0,"istraining":true,"lastpracticed":0,"highestlevel":0},"magic":{"level":0,"exercise":0,"istraining":true,"lastpracticed":0,"highestlevel":0},"mechanics":{"level":0,"exercise":0,"istraining":true,"lastpracticed":0,"highestlevel":0},"melee":{"level":0,"exercise":0,"istraining":true,"lastpracticed":0,"highestlevel":0},"pistol":{"level":0,"exercise":0,"istraining":true,"lastpracticed":0,"highestlevel":0},"rifle":{"level":0,"exercise":0,"istraining":true,"lastpracticed":0,"highestlevel":0},"shotgun":{"level":0,"exercise":0,"istraining":true,"lastpracticed":0,"highestlevel":0},"smg":{"level":0,"exercise":0,"istraining":true,"lastpracticed":0,"highestlevel":0},"speech":{"level":0,"exercise":0,"istraining":true,"lastpracticed":0,"highestlevel":0},"stabbing":{"level":0,"exercise":0,"istraining":true,"lastpracticed":0,"highestlevel":0},"survival":{"level":0,"exercise":0,"istraining":true,"lastpracticed":0,"highestlevel":0},"swimming":{"level":0,"exercise":0,"istraining":true,"lastpracticed":0,"highestlevel":0},"tailor":{"level":0,"exercise":0,"istraining":true,"lastpracticed":0,"highestlevel":0},"throw":{"level":0,"exercise":0,"istraining":true,"lastpracticed":0,"highestlevel":0},"traps":{"level":0,"exercise":0,"istraining":true,"lastpracticed":0,"highestlevel":0},"unarmed":{"level":0,"exercise":0,"istraining":true,"lastpracticed":0,"highestlevel":0}},"posx":63,"posy":63,"posz":0,"stim":0,"last_sleep_check":0,"pkill":0,"radiation":0,"tank_plut":0,"reactor_plut":0,"slow_rad":0,"scent":500,"body_wetness":[0,0,0,0,0,0,0,0,0,0,0,0],"oxygen":0,"male":true,"cash":0,"recoil":45.000000,"in_vehicle":false,"id":2,"hp_cur":[78,78,78,78,78,78],"hp_max":[78,78,78,78,78,78],"damage_bandaged":[0,0,0,0,0,0],"damage_disinfected":[0,0,0,0,0,0],"power_level":0,"max_power_level":0,"ma_styles":["style_none","style_kicks"],"addictions":[],"known_traps":[],"worn":[{"typeid":"pants_leather","item_tags":["FIT"]},{"typeid":"tank_top","item_tags":["FIT"]},{"typeid":"jacket_leather","item_tags":["FIT"]},{"typeid":"sneakers","item_tags":["FIT"]},{"typeid":"glasses_safety"},{"typeid":"cowboy_hat","item_tags":["FIT"]},{"typeid":"backpack"}],"inv":[{"typeid":"lighter","charges":9,"bday":4800},{"typeid":"bolt_wood","charges":15,"bday":4800},{"typeid":"socks","item_tags":["FIT"]},{"typeid":"smart_phone","charges":110,"curammo":"battery"},{"typeid":"xacto"}],"weapon":{"typeid":"crossbow","charges":1,"curammo":"bolt_wood"},"last_target_pos":null,"ammo_location":{"type":"null"},"name":"Waldo, Warp Administrator","marked_for_death":false,"dead":false,"patience":0,"myclass":"NC_WARPADMIN","personality":{"aggression":-6,"bravery":2,"collector":6,"altruism":-8},"wandf":0,"wandx":0,"wandy":0,"wandz":0,"submap_coords":[182,178],"last_player_seen_pos":null,"goalx":91,"goaly":89,"goalz":0,"guardx":2187,"guardy":2139,"guardz":0,"pulp_location":null,"mission":7,"my_fac":"free_merchants","attitude":0,"op_of_u":{"trust":0,"fear":0,"value":0,"anger":0,"owed":0},"chatbin":{"first_topic":"TALK_WARP_ADMIN","skill":"none","style":"","missions":[],"missions_assigned":[]},"rules":{"engagement":1,"aim":0,"use_guns":true,"use_grenades":true,"use_silent":false,"allow_pick_up":false,"allow_bash":false,"allow_sleep":false,"allow_complain":true,"allow_pulp":true,"close_doors":false,"pickup_whitelist":[]},"comp_mission_id":"","comp_mission_pt":[0,0,0],"comp_mission_role":"","companion_mission_role_id":"","companion_mission_points":[],"companion_mission_time":-1,"companion_mission_time_ret":-1,"companion_mission_inv":[],"restock":-1,"last_updated":108630,"complaints":{}}]
,"overmap_special_placements":[]
}
